   11.52   -2.79    0.00    0.00    0.00    0.00    0.00    2.44   -5.59    0.00    0.00    0.00    0.00    0.00    0.00    0.00    0.00    0.00    0.00    0.00    0.00
   -2.79   15.88   -2.79    0.00    0.00    0.00    0.00    0.00    0.87   -5.59    0.00    0.00    0.00    0.00    0.00    0.00    0.00    0.00    0.00    0.00    0.00
    0.00   -2.79   24.36  -10.18    0.00    0.00    0.00    0.00    0.00    2.75   -2.21    0.00    0.00    0.00    0.00    0.00    0.00    0.00    0.00    0.00    0.00
    0.00    0.00  -10.18   44.22  -16.76    0.00    0.00    0.00    0.00    0.00   -5.47    1.57    0.00    0.00    0.00    0.00    0.00    0.00    0.00    0.00    0.00
    0.00    0.00    0.00  -16.76   49.22   -4.89    0.00    0.00    0.00    0.00    0.00  -24.78   -5.59    0.00    0.00    0.00    0.00    0.00    0.00    0.00    0.00
    0.00    0.00    0.00    0.00   -4.89   38.92   -4.89    0.00    0.00    0.00    0.00    0.00  -17.98   -5.59    0.00    0.00    0.00    0.00    0.00    0.00    0.00
    0.00    0.00    0.00    0.00    0.00   -4.89   15.88    0.00    0.00    0.00    0.00    0.00    0.00  -11.00    0.00    0.00    0.00    0.00    0.00    0.00    0.00
    2.44    0.00    0.00    0.00    0.00    0.00    0.00   41.71  -16.76    0.00    0.00    0.00    0.00    0.00    6.11  -13.96    0.00    0.00    0.00    0.00    0.00
   -5.59    0.87    0.00    0.00    0.00    0.00    0.00  -16.76   66.32  -16.76    0.00    0.00    0.00    0.00    0.00   -0.17  -13.96    0.00    0.00    0.00    0.00
    0.00   -5.59    2.75    0.00    0.00    0.00    0.00    0.00  -16.76   75.60  -23.68    0.00    0.00    0.00    0.00    0.00   -0.17  -10.01    0.00    0.00    0.00
    0.00    0.00   -2.21   -5.47    0.00    0.00    0.00    0.00    0.00  -23.68   92.12  -24.00    0.00    0.00    0.00    0.00    0.00  -12.86   -6.02    0.00    0.00
    0.00    0.00    0.00    1.57  -24.78    0.00    0.00    0.00    0.00    0.00  -24.00  100.36  -12.57    0.00    0.00    0.00    0.00    0.00  -29.50   -7.68    0.00
    0.00    0.00    0.00    0.00   -5.59  -17.98    0.00    0.00    0.00    0.00    0.00  -12.57   89.36  -12.57    0.00    0.00    0.00    0.00    0.00  -25.31   -7.68
    0.00    0.00    0.00    0.00    0.00   -5.59  -11.00    0.00    0.00    0.00    0.00    0.00  -12.57   39.27    0.00    0.00    0.00    0.00    0.00    0.00  -15.71
    0.00    0.00    0.00    0.00    0.00    0.00    0.00    6.11    0.00    0.00    0.00    0.00    0.00    0.00   21.82  -13.96    0.00    0.00    0.00    0.00    0.00
    0.00    0.00    0.00    0.00    0.00    0.00    0.00  -13.96   -0.17    0.00    0.00    0.00    0.00    0.00  -13.96   42.06  -13.96    0.00    0.00    0.00    0.00
    0.00    0.00    0.00    0.00    0.00    0.00    0.00    0.00  -13.96   -0.17    0.00    0.00    0.00    0.00    0.00  -13.96   42.06  -13.96    0.00    0.00    0.00
    0.00    0.00    0.00    0.00    0.00    0.00    0.00    0.00    0.00  -10.01  -12.86    0.00    0.00    0.00    0.00    0.00  -13.96   45.84  -11.00    0.00    0.00
    0.00    0.00    0.00    0.00    0.00    0.00    0.00    0.00    0.00    0.00   -6.02  -29.50    0.00    0.00    0.00    0.00    0.00  -11.00   52.53   -7.68    0.00
    0.00    0.00    0.00    0.00    0.00    0.00    0.00    0.00    0.00    0.00    0.00   -7.68  -25.31    0.00    0.00    0.00    0.00    0.00   -7.68   48.35   -7.68
    0.00    0.00    0.00    0.00    0.00    0.00    0.00    0.00    0.00    0.00    0.00    0.00   -7.68  -15.71    0.00    0.00    0.00    0.00    0.00   -7.68   23.39
