Local Stiffness Matrix of the 0 elements:
0.694444 -0.319444 -0.347222 -0.0277778 
-0.319444 0.694444 -0.0277778 -0.347222 
-0.347222 -0.0277778 0.694444 -0.319444 
-0.0277778 -0.347222 -0.319444 0.694444 
End of Local Stiffness Matrix of the 0 elements

Local Stiffness Matrix of the 1 elements:
0.694444 -0.319444 -0.347222 -0.0277778 
-0.319444 0.694444 -0.0277778 -0.347222 
-0.347222 -0.0277778 0.694444 -0.319444 
-0.0277778 -0.347222 -0.319444 0.694444 
End of Local Stiffness Matrix of the 1 elements

Local Stiffness Matrix of the 2 elements:
0.694444 -0.319444 -0.347222 -0.0277778 
-0.319444 0.694444 -0.0277778 -0.347222 
-0.347222 -0.0277778 0.694444 -0.319444 
-0.0277778 -0.347222 -0.319444 0.694444 
End of Local Stiffness Matrix of the 2 elements

Local Stiffness Matrix of the 3 elements:
0.694444 -0.319444 -0.347222 -0.0277778 
-0.319444 0.694444 -0.0277778 -0.347222 
-0.347222 -0.0277778 0.694444 -0.319444 
-0.0277778 -0.347222 -0.319444 0.694444 
End of Local Stiffness Matrix of the 3 elements

Local Stiffness Matrix of the 4 elements:
0.694444 -0.319444 -0.347222 -0.0277778 
-0.319444 0.694444 -0.0277778 -0.347222 
-0.347222 -0.0277778 0.694444 -0.319444 
-0.0277778 -0.347222 -0.319444 0.694444 
End of Local Stiffness Matrix of the 4 elements

Local Stiffness Matrix of the 5 elements:
0.702434 -0.289741 -0.376925 -0.0357671 
-0.289741 0.671935 -0.0719347 -0.310259 
-0.376925 -0.0719347 0.738601 -0.289741 
-0.0357671 -0.310259 -0.289741 0.635767 
End of Local Stiffness Matrix of the 5 elements

Local Stiffness Matrix of the 6 elements:
0.68749 -0.229677 -0.370323 -0.0874904 
-0.229677 0.66047 -0.127136 -0.303657 
-0.370323 -0.127136 0.727136 -0.229677 
-0.0874904 -0.303657 -0.229677 0.620824 
End of Local Stiffness Matrix of the 6 elements

Local Stiffness Matrix of the 7 elements:
0.680168 -0.16543 -0.367903 -0.146835 
-0.16543 0.658111 -0.191444 -0.301236 
-0.367903 -0.191444 0.724777 -0.16543 
-0.146835 -0.301236 -0.16543 0.613501 
End of Local Stiffness Matrix of the 7 elements

Local Stiffness Matrix of the 8 elements:
0.68386 -0.0950593 -0.371607 -0.217194 
-0.0950593 0.669236 -0.269236 -0.304941 
-0.371607 -0.269236 0.735903 -0.0950593 
-0.217194 -0.304941 -0.0950593 0.617194 
End of Local Stiffness Matrix of the 8 elements

Local Stiffness Matrix of the 9 elements:
0.704328 -0.0151934 -0.384807 -0.304328 
-0.0151934 0.701565 -0.368232 -0.31814 
-0.384807 -0.368232 0.768232 -0.0151934 
-0.304328 -0.31814 -0.0151934 0.637661 
End of Local Stiffness Matrix of the 9 elements

Local Stiffness Matrix of the 10 elements:
0.722222 0.0277778 -0.361111 -0.388889 
0.0277778 0.722222 -0.388889 -0.361111 
-0.361111 -0.388889 0.722222 0.0277778 
-0.388889 -0.361111 0.0277778 0.722222 
End of Local Stiffness Matrix of the 10 elements

Local Stiffness Matrix of the 11 elements:
0.722222 0.0277778 -0.361111 -0.388889 
0.0277778 0.722222 -0.388889 -0.361111 
-0.361111 -0.388889 0.722222 0.0277778 
-0.388889 -0.361111 0.0277778 0.722222 
End of Local Stiffness Matrix of the 11 elements

Local Stiffness Matrix of the 12 elements:
0.722222 0.0277778 -0.361111 -0.388889 
0.0277778 0.722222 -0.388889 -0.361111 
-0.361111 -0.388889 0.722222 0.0277778 
-0.388889 -0.361111 0.0277778 0.722222 
End of Local Stiffness Matrix of the 12 elements

Local Stiffness Matrix of the 13 elements:
0.722222 0.0277778 -0.361111 -0.388889 
0.0277778 0.722222 -0.388889 -0.361111 
-0.361111 -0.388889 0.722222 0.0277778 
-0.388889 -0.361111 0.0277778 0.722222 
End of Local Stiffness Matrix of the 13 elements

Local Stiffness Matrix of the 14 elements:
0.722222 0.0277778 -0.361111 -0.388889 
0.0277778 0.722222 -0.388889 -0.361111 
-0.361111 -0.388889 0.722222 0.0277778 
-0.388889 -0.361111 0.0277778 0.722222 
End of Local Stiffness Matrix of the 14 elements

Local Stiffness Matrix of the 15 elements:
0.694444 -0.319444 -0.347222 -0.0277778 
-0.319444 0.694444 -0.0277778 -0.347222 
-0.347222 -0.0277778 0.694444 -0.319444 
-0.0277778 -0.347222 -0.319444 0.694444 
End of Local Stiffness Matrix of the 15 elements

Local Stiffness Matrix of the 16 elements:
0.694444 -0.319444 -0.347222 -0.0277778 
-0.319444 0.694444 -0.0277778 -0.347222 
-0.347222 -0.0277778 0.694444 -0.319444 
-0.0277778 -0.347222 -0.319444 0.694444 
End of Local Stiffness Matrix of the 16 elements

Local Stiffness Matrix of the 17 elements:
0.694444 -0.319444 -0.347222 -0.0277778 
-0.319444 0.694444 -0.0277778 -0.347222 
-0.347222 -0.0277778 0.694444 -0.319444 
-0.0277778 -0.347222 -0.319444 0.694444 
End of Local Stiffness Matrix of the 17 elements

Local Stiffness Matrix of the 18 elements:
0.694444 -0.319444 -0.347222 -0.0277778 
-0.319444 0.694444 -0.0277778 -0.347222 
-0.347222 -0.0277778 0.694444 -0.319444 
-0.0277778 -0.347222 -0.319444 0.694444 
End of Local Stiffness Matrix of the 18 elements

Local Stiffness Matrix of the 19 elements:
0.694444 -0.319444 -0.347222 -0.0277778 
-0.319444 0.694444 -0.0277778 -0.347222 
-0.347222 -0.0277778 0.694444 -0.319444 
-0.0277778 -0.347222 -0.319444 0.694444 
End of Local Stiffness Matrix of the 19 elements

Local Stiffness Matrix of the 20 elements:
0.778219 -0.285059 -0.448275 -0.044886 
-0.285059 0.61488 -0.0815465 -0.248275 
-0.448275 -0.0815465 0.81488 -0.285059 
-0.044886 -0.248275 -0.285059 0.578219 
End of Local Stiffness Matrix of the 20 elements

Local Stiffness Matrix of the 21 elements:
0.764319 -0.224442 -0.442225 -0.097652 
-0.224442 0.60458 -0.137914 -0.242225 
-0.442225 -0.137914 0.80458 -0.224442 
-0.097652 -0.242225 -0.224442 0.564319 
End of Local Stiffness Matrix of the 21 elements

Local Stiffness Matrix of the 22 elements:
0.758309 -0.159496 -0.440504 -0.158309 
-0.159496 0.603709 -0.203709 -0.240504 
-0.440504 -0.203709 0.803709 -0.159496 
-0.158309 -0.240504 -0.159496 0.558309 
End of Local Stiffness Matrix of the 22 elements

Local Stiffness Matrix of the 23 elements:
0.763702 -0.0882082 -0.445125 -0.230369 
-0.0882082 0.616798 -0.283465 -0.245125 
-0.445125 -0.283465 0.816798 -0.0882082 
-0.230369 -0.245125 -0.0882082 0.563702 
End of Local Stiffness Matrix of the 23 elements

Local Stiffness Matrix of the 24 elements:
0.786464 -0.00709024 -0.459576 -0.319797 
-0.00709024 0.651842 -0.385175 -0.259576 
-0.459576 -0.385175 0.851842 -0.00709024 
-0.319797 -0.259576 -0.00709024 0.586464 
End of Local Stiffness Matrix of the 24 elements

Local Stiffness Matrix of the 25 elements:
0.722222 0.0277778 -0.361111 -0.388889 
0.0277778 0.722222 -0.388889 -0.361111 
-0.361111 -0.388889 0.722222 0.0277778 
-0.388889 -0.361111 0.0277778 0.722222 
End of Local Stiffness Matrix of the 25 elements

Local Stiffness Matrix of the 26 elements:
0.722222 0.0277778 -0.361111 -0.388889 
0.0277778 0.722222 -0.388889 -0.361111 
-0.361111 -0.388889 0.722222 0.0277778 
-0.388889 -0.361111 0.0277778 0.722222 
End of Local Stiffness Matrix of the 26 elements

Local Stiffness Matrix of the 27 elements:
0.722222 0.0277778 -0.361111 -0.388889 
0.0277778 0.722222 -0.388889 -0.361111 
-0.361111 -0.388889 0.722222 0.0277778 
-0.388889 -0.361111 0.0277778 0.722222 
End of Local Stiffness Matrix of the 27 elements

Local Stiffness Matrix of the 28 elements:
0.722222 0.0277778 -0.361111 -0.388889 
0.0277778 0.722222 -0.388889 -0.361111 
-0.361111 -0.388889 0.722222 0.0277778 
-0.388889 -0.361111 0.0277778 0.722222 
End of Local Stiffness Matrix of the 28 elements

Local Stiffness Matrix of the 29 elements:
0.722222 0.0277778 -0.361111 -0.388889 
0.0277778 0.722222 -0.388889 -0.361111 
-0.361111 -0.388889 0.722222 0.0277778 
-0.388889 -0.361111 0.0277778 0.722222 
End of Local Stiffness Matrix of the 29 elements

Local Stiffness Matrix of the 30 elements:
0.694444 -0.319444 -0.347222 -0.0277778 
-0.319444 0.694444 -0.0277778 -0.347222 
-0.347222 -0.0277778 0.694444 -0.319444 
-0.0277778 -0.347222 -0.319444 0.694444 
End of Local Stiffness Matrix of the 30 elements

Local Stiffness Matrix of the 31 elements:
0.694444 -0.319444 -0.347222 -0.0277778 
-0.319444 0.694444 -0.0277778 -0.347222 
-0.347222 -0.0277778 0.694444 -0.319444 
-0.0277778 -0.347222 -0.319444 0.694444 
End of Local Stiffness Matrix of the 31 elements

Local Stiffness Matrix of the 32 elements:
0.694444 -0.319444 -0.347222 -0.0277778 
-0.319444 0.694444 -0.0277778 -0.347222 
-0.347222 -0.0277778 0.694444 -0.319444 
-0.0277778 -0.347222 -0.319444 0.694444 
End of Local Stiffness Matrix of the 32 elements

Local Stiffness Matrix of the 33 elements:
0.694444 -0.319444 -0.347222 -0.0277778 
-0.319444 0.694444 -0.0277778 -0.347222 
-0.347222 -0.0277778 0.694444 -0.319444 
-0.0277778 -0.347222 -0.319444 0.694444 
End of Local Stiffness Matrix of the 33 elements

Local Stiffness Matrix of the 34 elements:
0.694444 -0.319444 -0.347222 -0.0277778 
-0.319444 0.694444 -0.0277778 -0.347222 
-0.347222 -0.0277778 0.694444 -0.319444 
-0.0277778 -0.347222 -0.319444 0.694444 
End of Local Stiffness Matrix of the 34 elements

Local Stiffness Matrix of the 35 elements:
0.863124 -0.275693 -0.524307 -0.0631238 
-0.275693 0.567437 -0.10077 -0.190974 
-0.524307 -0.10077 0.90077 -0.275693 
-0.0631238 -0.190974 -0.275693 0.529791 
End of Local Stiffness Matrix of the 35 elements

Local Stiffness Matrix of the 36 elements:
0.851309 -0.213972 -0.519361 -0.117975 
-0.213972 0.559469 -0.159469 -0.186028 
-0.519361 -0.159469 0.892802 -0.213972 
-0.117975 -0.186028 -0.213972 0.517975 
End of Local Stiffness Matrix of the 36 elements

Local Stiffness Matrix of the 37 elements:
0.847923 -0.147626 -0.519041 -0.181256 
-0.147626 0.561573 -0.228239 -0.185707 
-0.519041 -0.228239 0.894906 -0.147626 
-0.181256 -0.185707 -0.147626 0.51459 
End of Local Stiffness Matrix of the 37 elements

Local Stiffness Matrix of the 38 elements:
0.856719 -0.0745059 -0.525494 -0.256719 
-0.0745059 0.57859 -0.311924 -0.192161 
-0.525494 -0.311924 0.911924 -0.0745059 
-0.256719 -0.192161 -0.0745059 0.523386 
End of Local Stiffness Matrix of the 38 elements

Local Stiffness Matrix of the 39 elements:
0.88407 0.00911602 -0.542449 -0.350737 
0.00911602 0.619061 -0.419061 -0.209116 
-0.542449 -0.419061 0.952394 0.00911602 
-0.350737 -0.209116 0.00911602 0.550737 
End of Local Stiffness Matrix of the 39 elements

Local Stiffness Matrix of the 40 elements:
0.722222 0.0277778 -0.361111 -0.388889 
0.0277778 0.722222 -0.388889 -0.361111 
-0.361111 -0.388889 0.722222 0.0277778 
-0.388889 -0.361111 0.0277778 0.722222 
End of Local Stiffness Matrix of the 40 elements

Local Stiffness Matrix of the 41 elements:
0.722222 0.0277778 -0.361111 -0.388889 
0.0277778 0.722222 -0.388889 -0.361111 
-0.361111 -0.388889 0.722222 0.0277778 
-0.388889 -0.361111 0.0277778 0.722222 
End of Local Stiffness Matrix of the 41 elements

Local Stiffness Matrix of the 42 elements:
0.722222 0.0277778 -0.361111 -0.388889 
0.0277778 0.722222 -0.388889 -0.361111 
-0.361111 -0.388889 0.722222 0.0277778 
-0.388889 -0.361111 0.0277778 0.722222 
End of Local Stiffness Matrix of the 42 elements

Local Stiffness Matrix of the 43 elements:
0.722222 0.0277778 -0.361111 -0.388889 
0.0277778 0.722222 -0.388889 -0.361111 
-0.361111 -0.388889 0.722222 0.0277778 
-0.388889 -0.361111 0.0277778 0.722222 
End of Local Stiffness Matrix of the 43 elements

Local Stiffness Matrix of the 44 elements:
0.722222 0.0277778 -0.361111 -0.388889 
0.0277778 0.722222 -0.388889 -0.361111 
-0.361111 -0.388889 0.722222 0.0277778 
-0.388889 -0.361111 0.0277778 0.722222 
End of Local Stiffness Matrix of the 44 elements

Local Stiffness Matrix of the 45 elements:
0.694444 -0.319444 -0.347222 -0.0277778 
-0.319444 0.694444 -0.0277778 -0.347222 
-0.347222 -0.0277778 0.694444 -0.319444 
-0.0277778 -0.347222 -0.319444 0.694444 
End of Local Stiffness Matrix of the 45 elements

Local Stiffness Matrix of the 46 elements:
0.694444 -0.319444 -0.347222 -0.0277778 
-0.319444 0.694444 -0.0277778 -0.347222 
-0.347222 -0.0277778 0.694444 -0.319444 
-0.0277778 -0.347222 -0.319444 0.694444 
End of Local Stiffness Matrix of the 46 elements

Local Stiffness Matrix of the 47 elements:
0.694444 -0.319444 -0.347222 -0.0277778 
-0.319444 0.694444 -0.0277778 -0.347222 
-0.347222 -0.0277778 0.694444 -0.319444 
-0.0277778 -0.347222 -0.319444 0.694444 
End of Local Stiffness Matrix of the 47 elements

Local Stiffness Matrix of the 48 elements:
0.694444 -0.319444 -0.347222 -0.0277778 
-0.319444 0.694444 -0.0277778 -0.347222 
-0.347222 -0.0277778 0.694444 -0.319444 
-0.0277778 -0.347222 -0.319444 0.694444 
End of Local Stiffness Matrix of the 48 elements

Local Stiffness Matrix of the 49 elements:
0.694444 -0.319444 -0.347222 -0.0277778 
-0.319444 0.694444 -0.0277778 -0.347222 
-0.347222 -0.0277778 0.694444 -0.319444 
-0.0277778 -0.347222 -0.319444 0.694444 
End of Local Stiffness Matrix of the 49 elements

Local Stiffness Matrix of the 50 elements:
0.957147 -0.261645 -0.605022 -0.0904806 
-0.261645 0.529606 -0.129606 -0.138355 
-0.605022 -0.129606 0.996272 -0.261645 
-0.0904806 -0.138355 -0.261645 0.490481 
End of Local Stiffness Matrix of the 50 elements

Local Stiffness Matrix of the 51 elements:
0.94846 -0.198268 -0.601732 -0.14846 
-0.198268 0.525135 -0.191801 -0.135065 
-0.601732 -0.191801 0.991801 -0.198268 
-0.14846 -0.135065 -0.198268 0.481794 
End of Local Stiffness Matrix of the 51 elements

Local Stiffness Matrix of the 52 elements:
0.949011 -0.129822 -0.603511 -0.215678 
-0.129822 0.531701 -0.265035 -0.136845 
-0.603511 -0.265035 0.998368 -0.129822 
-0.215678 -0.136845 -0.129822 0.482344 
End of Local Stiffness Matrix of the 52 elements

Local Stiffness Matrix of the 53 elements:
0.962912 -0.0539526 -0.612714 -0.296245 
-0.0539526 0.554611 -0.354611 -0.146047 
-0.612714 -0.354611 1.02128 -0.0539526 
-0.296245 -0.146047 -0.0539526 0.496245 
End of Local Stiffness Matrix of the 53 elements

Local Stiffness Matrix of the 54 elements:
0.997145 0.0334254 -0.633425 -0.397145 
0.0334254 0.603223 -0.46989 -0.166759 
-0.633425 -0.46989 1.06989 0.0334254 
-0.397145 -0.166759 0.0334254 0.530479 
End of Local Stiffness Matrix of the 54 elements

Local Stiffness Matrix of the 55 elements:
0.722222 0.0277778 -0.361111 -0.388889 
0.0277778 0.722222 -0.388889 -0.361111 
-0.361111 -0.388889 0.722222 0.0277778 
-0.388889 -0.361111 0.0277778 0.722222 
End of Local Stiffness Matrix of the 55 elements

Local Stiffness Matrix of the 56 elements:
0.722222 0.0277778 -0.361111 -0.388889 
0.0277778 0.722222 -0.388889 -0.361111 
-0.361111 -0.388889 0.722222 0.0277778 
-0.388889 -0.361111 0.0277778 0.722222 
End of Local Stiffness Matrix of the 56 elements

Local Stiffness Matrix of the 57 elements:
0.722222 0.0277778 -0.361111 -0.388889 
0.0277778 0.722222 -0.388889 -0.361111 
-0.361111 -0.388889 0.722222 0.0277778 
-0.388889 -0.361111 0.0277778 0.722222 
End of Local Stiffness Matrix of the 57 elements

Local Stiffness Matrix of the 58 elements:
0.722222 0.0277778 -0.361111 -0.388889 
0.0277778 0.722222 -0.388889 -0.361111 
-0.361111 -0.388889 0.722222 0.0277778 
-0.388889 -0.361111 0.0277778 0.722222 
End of Local Stiffness Matrix of the 58 elements

Local Stiffness Matrix of the 59 elements:
0.722222 0.0277778 -0.361111 -0.388889 
0.0277778 0.722222 -0.388889 -0.361111 
-0.361111 -0.388889 0.722222 0.0277778 
-0.388889 -0.361111 0.0277778 0.722222 
End of Local Stiffness Matrix of the 59 elements

Local Stiffness Matrix of the 60 elements:
0.694444 -0.319444 -0.347222 -0.0277778 
-0.319444 0.694444 -0.0277778 -0.347222 
-0.347222 -0.0277778 0.694444 -0.319444 
-0.0277778 -0.347222 -0.319444 0.694444 
End of Local Stiffness Matrix of the 60 elements

Local Stiffness Matrix of the 61 elements:
0.694444 -0.319444 -0.347222 -0.0277778 
-0.319444 0.694444 -0.0277778 -0.347222 
-0.347222 -0.0277778 0.694444 -0.319444 
-0.0277778 -0.347222 -0.319444 0.694444 
End of Local Stiffness Matrix of the 61 elements

Local Stiffness Matrix of the 62 elements:
0.694444 -0.319444 -0.347222 -0.0277778 
-0.319444 0.694444 -0.0277778 -0.347222 
-0.347222 -0.0277778 0.694444 -0.319444 
-0.0277778 -0.347222 -0.319444 0.694444 
End of Local Stiffness Matrix of the 62 elements

Local Stiffness Matrix of the 63 elements:
0.694444 -0.319444 -0.347222 -0.0277778 
-0.319444 0.694444 -0.0277778 -0.347222 
-0.347222 -0.0277778 0.694444 -0.319444 
-0.0277778 -0.347222 -0.319444 0.694444 
End of Local Stiffness Matrix of the 63 elements

Local Stiffness Matrix of the 64 elements:
0.694444 -0.319444 -0.347222 -0.0277778 
-0.319444 0.694444 -0.0277778 -0.347222 
-0.347222 -0.0277778 0.694444 -0.319444 
-0.0277778 -0.347222 -0.319444 0.694444 
End of Local Stiffness Matrix of the 64 elements

Local Stiffness Matrix of the 65 elements:
1.06029 -0.242914 -0.690419 -0.126956 
-0.242914 0.501386 -0.168053 -0.090419 
-0.690419 -0.168053 1.10139 -0.242914 
-0.126956 -0.090419 -0.242914 0.46029 
End of Local Stiffness Matrix of the 65 elements

Local Stiffness Matrix of the 66 elements:
1.05577 -0.177329 -0.689338 -0.189107 
-0.177329 0.501578 -0.234911 -0.089338 
-0.689338 -0.234911 1.10158 -0.177329 
-0.189107 -0.089338 -0.177329 0.455774 
End of Local Stiffness Matrix of the 66 elements

Local Stiffness Matrix of the 67 elements:
1.06157 -0.106083 -0.693917 -0.261573 
-0.106083 0.514095 -0.314095 -0.0939169 
-0.693917 -0.314095 1.11409 -0.106083 
-0.261573 -0.0939169 -0.106083 0.461573 
End of Local Stiffness Matrix of the 67 elements

Local Stiffness Matrix of the 68 elements:
1.08228 -0.0265481 -0.706785 -0.348946 
-0.0265481 0.544862 -0.411528 -0.106785 
-0.706785 -0.411528 1.14486 -0.0265481 
-0.348946 -0.106785 -0.0265481 0.482279 
End of Local Stiffness Matrix of the 68 elements

Local Stiffness Matrix of the 69 elements:
1.12569 0.0658379 -0.732505 -0.459024 
0.0658379 0.604328 -0.537661 -0.132505 
-0.732505 -0.537661 1.20433 0.0658379 
-0.459024 -0.132505 0.0658379 0.525691 
End of Local Stiffness Matrix of the 69 elements

Local Stiffness Matrix of the 70 elements:
0.722222 0.0277778 -0.361111 -0.388889 
0.0277778 0.722222 -0.388889 -0.361111 
-0.361111 -0.388889 0.722222 0.0277778 
-0.388889 -0.361111 0.0277778 0.722222 
End of Local Stiffness Matrix of the 70 elements

Local Stiffness Matrix of the 71 elements:
0.722222 0.0277778 -0.361111 -0.388889 
0.0277778 0.722222 -0.388889 -0.361111 
-0.361111 -0.388889 0.722222 0.0277778 
-0.388889 -0.361111 0.0277778 0.722222 
End of Local Stiffness Matrix of the 71 elements

Local Stiffness Matrix of the 72 elements:
0.722222 0.0277778 -0.361111 -0.388889 
0.0277778 0.722222 -0.388889 -0.361111 
-0.361111 -0.388889 0.722222 0.0277778 
-0.388889 -0.361111 0.0277778 0.722222 
End of Local Stiffness Matrix of the 72 elements

Local Stiffness Matrix of the 73 elements:
0.722222 0.0277778 -0.361111 -0.388889 
0.0277778 0.722222 -0.388889 -0.361111 
-0.361111 -0.388889 0.722222 0.0277778 
-0.388889 -0.361111 0.0277778 0.722222 
End of Local Stiffness Matrix of the 73 elements

Local Stiffness Matrix of the 74 elements:
0.722222 0.0277778 -0.361111 -0.388889 
0.0277778 0.722222 -0.388889 -0.361111 
-0.361111 -0.388889 0.722222 0.0277778 
-0.388889 -0.361111 0.0277778 0.722222 
End of Local Stiffness Matrix of the 74 elements

Local Stiffness Matrix of the 0 elements:
0.694444 -0.319444 -0.347222 -0.0277778 
-0.319444 0.694444 -0.0277778 -0.347222 
-0.347222 -0.0277778 0.694444 -0.319444 
-0.0277778 -0.347222 -0.319444 0.694444 
End of Local Stiffness Matrix of the 0 elements

Local Stiffness Matrix of the 1 elements:
0.694444 -0.319444 -0.347222 -0.0277778 
-0.319444 0.694444 -0.0277778 -0.347222 
-0.347222 -0.0277778 0.694444 -0.319444 
-0.0277778 -0.347222 -0.319444 0.694444 
End of Local Stiffness Matrix of the 1 elements

Local Stiffness Matrix of the 2 elements:
0.694444 -0.319444 -0.347222 -0.0277778 
-0.319444 0.694444 -0.0277778 -0.347222 
-0.347222 -0.0277778 0.694444 -0.319444 
-0.0277778 -0.347222 -0.319444 0.694444 
End of Local Stiffness Matrix of the 2 elements

Local Stiffness Matrix of the 3 elements:
0.694444 -0.319444 -0.347222 -0.0277778 
-0.319444 0.694444 -0.0277778 -0.347222 
-0.347222 -0.0277778 0.694444 -0.319444 
-0.0277778 -0.347222 -0.319444 0.694444 
End of Local Stiffness Matrix of the 3 elements

Local Stiffness Matrix of the 4 elements:
0.694444 -0.319444 -0.347222 -0.0277778 
-0.319444 0.694444 -0.0277778 -0.347222 
-0.347222 -0.0277778 0.694444 -0.319444 
-0.0277778 -0.347222 -0.319444 0.694444 
End of Local Stiffness Matrix of the 4 elements

Local Stiffness Matrix of the 5 elements:
0.702434 -0.289741 -0.376925 -0.0357671 
-0.289741 0.671935 -0.0719347 -0.310259 
-0.376925 -0.0719347 0.738601 -0.289741 
-0.0357671 -0.310259 -0.289741 0.635767 
End of Local Stiffness Matrix of the 5 elements

Local Stiffness Matrix of the 6 elements:
0.68749 -0.229677 -0.370323 -0.0874904 
-0.229677 0.66047 -0.127136 -0.303657 
-0.370323 -0.127136 0.727136 -0.229677 
-0.0874904 -0.303657 -0.229677 0.620824 
End of Local Stiffness Matrix of the 6 elements

Local Stiffness Matrix of the 7 elements:
0.680168 -0.16543 -0.367903 -0.146835 
-0.16543 0.658111 -0.191444 -0.301236 
-0.367903 -0.191444 0.724777 -0.16543 
-0.146835 -0.301236 -0.16543 0.613501 
End of Local Stiffness Matrix of the 7 elements

Local Stiffness Matrix of the 8 elements:
0.68386 -0.0950593 -0.371607 -0.217194 
-0.0950593 0.669236 -0.269236 -0.304941 
-0.371607 -0.269236 0.735903 -0.0950593 
-0.217194 -0.304941 -0.0950593 0.617194 
End of Local Stiffness Matrix of the 8 elements

Local Stiffness Matrix of the 9 elements:
0.704328 -0.0151934 -0.384807 -0.304328 
-0.0151934 0.701565 -0.368232 -0.31814 
-0.384807 -0.368232 0.768232 -0.0151934 
-0.304328 -0.31814 -0.0151934 0.637661 
End of Local Stiffness Matrix of the 9 elements

Local Stiffness Matrix of the 10 elements:
0.722222 0.0277778 -0.361111 -0.388889 
0.0277778 0.722222 -0.388889 -0.361111 
-0.361111 -0.388889 0.722222 0.0277778 
-0.388889 -0.361111 0.0277778 0.722222 
End of Local Stiffness Matrix of the 10 elements

Local Stiffness Matrix of the 11 elements:
0.722222 0.0277778 -0.361111 -0.388889 
0.0277778 0.722222 -0.388889 -0.361111 
-0.361111 -0.388889 0.722222 0.0277778 
-0.388889 -0.361111 0.0277778 0.722222 
End of Local Stiffness Matrix of the 11 elements

Local Stiffness Matrix of the 12 elements:
0.722222 0.0277778 -0.361111 -0.388889 
0.0277778 0.722222 -0.388889 -0.361111 
-0.361111 -0.388889 0.722222 0.0277778 
-0.388889 -0.361111 0.0277778 0.722222 
End of Local Stiffness Matrix of the 12 elements

Local Stiffness Matrix of the 13 elements:
0.722222 0.0277778 -0.361111 -0.388889 
0.0277778 0.722222 -0.388889 -0.361111 
-0.361111 -0.388889 0.722222 0.0277778 
-0.388889 -0.361111 0.0277778 0.722222 
End of Local Stiffness Matrix of the 13 elements

Local Stiffness Matrix of the 14 elements:
0.722222 0.0277778 -0.361111 -0.388889 
0.0277778 0.722222 -0.388889 -0.361111 
-0.361111 -0.388889 0.722222 0.0277778 
-0.388889 -0.361111 0.0277778 0.722222 
End of Local Stiffness Matrix of the 14 elements

Local Stiffness Matrix of the 15 elements:
0.694444 -0.319444 -0.347222 -0.0277778 
-0.319444 0.694444 -0.0277778 -0.347222 
-0.347222 -0.0277778 0.694444 -0.319444 
-0.0277778 -0.347222 -0.319444 0.694444 
End of Local Stiffness Matrix of the 15 elements

Local Stiffness Matrix of the 16 elements:
0.694444 -0.319444 -0.347222 -0.0277778 
-0.319444 0.694444 -0.0277778 -0.347222 
-0.347222 -0.0277778 0.694444 -0.319444 
-0.0277778 -0.347222 -0.319444 0.694444 
End of Local Stiffness Matrix of the 16 elements

Local Stiffness Matrix of the 17 elements:
0.694444 -0.319444 -0.347222 -0.0277778 
-0.319444 0.694444 -0.0277778 -0.347222 
-0.347222 -0.0277778 0.694444 -0.319444 
-0.0277778 -0.347222 -0.319444 0.694444 
End of Local Stiffness Matrix of the 17 elements

Local Stiffness Matrix of the 18 elements:
0.694444 -0.319444 -0.347222 -0.0277778 
-0.319444 0.694444 -0.0277778 -0.347222 
-0.347222 -0.0277778 0.694444 -0.319444 
-0.0277778 -0.347222 -0.319444 0.694444 
End of Local Stiffness Matrix of the 18 elements

Local Stiffness Matrix of the 19 elements:
0.694444 -0.319444 -0.347222 -0.0277778 
-0.319444 0.694444 -0.0277778 -0.347222 
-0.347222 -0.0277778 0.694444 -0.319444 
-0.0277778 -0.347222 -0.319444 0.694444 
End of Local Stiffness Matrix of the 19 elements

Local Stiffness Matrix of the 20 elements:
0.778219 -0.285059 -0.448275 -0.044886 
-0.285059 0.61488 -0.0815465 -0.248275 
-0.448275 -0.0815465 0.81488 -0.285059 
-0.044886 -0.248275 -0.285059 0.578219 
End of Local Stiffness Matrix of the 20 elements

Local Stiffness Matrix of the 21 elements:
0.764319 -0.224442 -0.442225 -0.097652 
-0.224442 0.60458 -0.137914 -0.242225 
-0.442225 -0.137914 0.80458 -0.224442 
-0.097652 -0.242225 -0.224442 0.564319 
End of Local Stiffness Matrix of the 21 elements

Local Stiffness Matrix of the 22 elements:
0.758309 -0.159496 -0.440504 -0.158309 
-0.159496 0.603709 -0.203709 -0.240504 
-0.440504 -0.203709 0.803709 -0.159496 
-0.158309 -0.240504 -0.159496 0.558309 
End of Local Stiffness Matrix of the 22 elements

Local Stiffness Matrix of the 23 elements:
0.763702 -0.0882082 -0.445125 -0.230369 
-0.0882082 0.616798 -0.283465 -0.245125 
-0.445125 -0.283465 0.816798 -0.0882082 
-0.230369 -0.245125 -0.0882082 0.563702 
End of Local Stiffness Matrix of the 23 elements

Local Stiffness Matrix of the 24 elements:
0.786464 -0.00709024 -0.459576 -0.319797 
-0.00709024 0.651842 -0.385175 -0.259576 
-0.459576 -0.385175 0.851842 -0.00709024 
-0.319797 -0.259576 -0.00709024 0.586464 
End of Local Stiffness Matrix of the 24 elements

Local Stiffness Matrix of the 25 elements:
0.722222 0.0277778 -0.361111 -0.388889 
0.0277778 0.722222 -0.388889 -0.361111 
-0.361111 -0.388889 0.722222 0.0277778 
-0.388889 -0.361111 0.0277778 0.722222 
End of Local Stiffness Matrix of the 25 elements

Local Stiffness Matrix of the 26 elements:
0.722222 0.0277778 -0.361111 -0.388889 
0.0277778 0.722222 -0.388889 -0.361111 
-0.361111 -0.388889 0.722222 0.0277778 
-0.388889 -0.361111 0.0277778 0.722222 
End of Local Stiffness Matrix of the 26 elements

Local Stiffness Matrix of the 27 elements:
0.722222 0.0277778 -0.361111 -0.388889 
0.0277778 0.722222 -0.388889 -0.361111 
-0.361111 -0.388889 0.722222 0.0277778 
-0.388889 -0.361111 0.0277778 0.722222 
End of Local Stiffness Matrix of the 27 elements

Local Stiffness Matrix of the 28 elements:
0.722222 0.0277778 -0.361111 -0.388889 
0.0277778 0.722222 -0.388889 -0.361111 
-0.361111 -0.388889 0.722222 0.0277778 
-0.388889 -0.361111 0.0277778 0.722222 
End of Local Stiffness Matrix of the 28 elements

Local Stiffness Matrix of the 29 elements:
0.722222 0.0277778 -0.361111 -0.388889 
0.0277778 0.722222 -0.388889 -0.361111 
-0.361111 -0.388889 0.722222 0.0277778 
-0.388889 -0.361111 0.0277778 0.722222 
End of Local Stiffness Matrix of the 29 elements

Local Stiffness Matrix of the 30 elements:
0.694444 -0.319444 -0.347222 -0.0277778 
-0.319444 0.694444 -0.0277778 -0.347222 
-0.347222 -0.0277778 0.694444 -0.319444 
-0.0277778 -0.347222 -0.319444 0.694444 
End of Local Stiffness Matrix of the 30 elements

Local Stiffness Matrix of the 31 elements:
0.694444 -0.319444 -0.347222 -0.0277778 
-0.319444 0.694444 -0.0277778 -0.347222 
-0.347222 -0.0277778 0.694444 -0.319444 
-0.0277778 -0.347222 -0.319444 0.694444 
End of Local Stiffness Matrix of the 31 elements

Local Stiffness Matrix of the 32 elements:
0.694444 -0.319444 -0.347222 -0.0277778 
-0.319444 0.694444 -0.0277778 -0.347222 
-0.347222 -0.0277778 0.694444 -0.319444 
-0.0277778 -0.347222 -0.319444 0.694444 
End of Local Stiffness Matrix of the 32 elements

Local Stiffness Matrix of the 33 elements:
0.694444 -0.319444 -0.347222 -0.0277778 
-0.319444 0.694444 -0.0277778 -0.347222 
-0.347222 -0.0277778 0.694444 -0.319444 
-0.0277778 -0.347222 -0.319444 0.694444 
End of Local Stiffness Matrix of the 33 elements

Local Stiffness Matrix of the 34 elements:
0.694444 -0.319444 -0.347222 -0.0277778 
-0.319444 0.694444 -0.0277778 -0.347222 
-0.347222 -0.0277778 0.694444 -0.319444 
-0.0277778 -0.347222 -0.319444 0.694444 
End of Local Stiffness Matrix of the 34 elements

Local Stiffness Matrix of the 35 elements:
0.863124 -0.275693 -0.524307 -0.0631238 
-0.275693 0.567437 -0.10077 -0.190974 
-0.524307 -0.10077 0.90077 -0.275693 
-0.0631238 -0.190974 -0.275693 0.529791 
End of Local Stiffness Matrix of the 35 elements

Local Stiffness Matrix of the 36 elements:
0.851309 -0.213972 -0.519361 -0.117975 
-0.213972 0.559469 -0.159469 -0.186028 
-0.519361 -0.159469 0.892802 -0.213972 
-0.117975 -0.186028 -0.213972 0.517975 
End of Local Stiffness Matrix of the 36 elements

Local Stiffness Matrix of the 37 elements:
0.847923 -0.147626 -0.519041 -0.181256 
-0.147626 0.561573 -0.228239 -0.185707 
-0.519041 -0.228239 0.894906 -0.147626 
-0.181256 -0.185707 -0.147626 0.51459 
End of Local Stiffness Matrix of the 37 elements

Local Stiffness Matrix of the 38 elements:
0.856719 -0.0745059 -0.525494 -0.256719 
-0.0745059 0.57859 -0.311924 -0.192161 
-0.525494 -0.311924 0.911924 -0.0745059 
-0.256719 -0.192161 -0.0745059 0.523386 
End of Local Stiffness Matrix of the 38 elements

Local Stiffness Matrix of the 39 elements:
0.88407 0.00911602 -0.542449 -0.350737 
0.00911602 0.619061 -0.419061 -0.209116 
-0.542449 -0.419061 0.952394 0.00911602 
-0.350737 -0.209116 0.00911602 0.550737 
End of Local Stiffness Matrix of the 39 elements

Local Stiffness Matrix of the 40 elements:
0.722222 0.0277778 -0.361111 -0.388889 
0.0277778 0.722222 -0.388889 -0.361111 
-0.361111 -0.388889 0.722222 0.0277778 
-0.388889 -0.361111 0.0277778 0.722222 
End of Local Stiffness Matrix of the 40 elements

Local Stiffness Matrix of the 41 elements:
0.722222 0.0277778 -0.361111 -0.388889 
0.0277778 0.722222 -0.388889 -0.361111 
-0.361111 -0.388889 0.722222 0.0277778 
-0.388889 -0.361111 0.0277778 0.722222 
End of Local Stiffness Matrix of the 41 elements

Local Stiffness Matrix of the 42 elements:
0.722222 0.0277778 -0.361111 -0.388889 
0.0277778 0.722222 -0.388889 -0.361111 
-0.361111 -0.388889 0.722222 0.0277778 
-0.388889 -0.361111 0.0277778 0.722222 
End of Local Stiffness Matrix of the 42 elements

Local Stiffness Matrix of the 43 elements:
0.722222 0.0277778 -0.361111 -0.388889 
0.0277778 0.722222 -0.388889 -0.361111 
-0.361111 -0.388889 0.722222 0.0277778 
-0.388889 -0.361111 0.0277778 0.722222 
End of Local Stiffness Matrix of the 43 elements

Local Stiffness Matrix of the 44 elements:
0.722222 0.0277778 -0.361111 -0.388889 
0.0277778 0.722222 -0.388889 -0.361111 
-0.361111 -0.388889 0.722222 0.0277778 
-0.388889 -0.361111 0.0277778 0.722222 
End of Local Stiffness Matrix of the 44 elements

Local Stiffness Matrix of the 45 elements:
0.694444 -0.319444 -0.347222 -0.0277778 
-0.319444 0.694444 -0.0277778 -0.347222 
-0.347222 -0.0277778 0.694444 -0.319444 
-0.0277778 -0.347222 -0.319444 0.694444 
End of Local Stiffness Matrix of the 45 elements

Local Stiffness Matrix of the 46 elements:
0.694444 -0.319444 -0.347222 -0.0277778 
-0.319444 0.694444 -0.0277778 -0.347222 
-0.347222 -0.0277778 0.694444 -0.319444 
-0.0277778 -0.347222 -0.319444 0.694444 
End of Local Stiffness Matrix of the 46 elements

Local Stiffness Matrix of the 47 elements:
0.694444 -0.319444 -0.347222 -0.0277778 
-0.319444 0.694444 -0.0277778 -0.347222 
-0.347222 -0.0277778 0.694444 -0.319444 
-0.0277778 -0.347222 -0.319444 0.694444 
End of Local Stiffness Matrix of the 47 elements

Local Stiffness Matrix of the 48 elements:
0.694444 -0.319444 -0.347222 -0.0277778 
-0.319444 0.694444 -0.0277778 -0.347222 
-0.347222 -0.0277778 0.694444 -0.319444 
-0.0277778 -0.347222 -0.319444 0.694444 
End of Local Stiffness Matrix of the 48 elements

Local Stiffness Matrix of the 49 elements:
0.694444 -0.319444 -0.347222 -0.0277778 
-0.319444 0.694444 -0.0277778 -0.347222 
-0.347222 -0.0277778 0.694444 -0.319444 
-0.0277778 -0.347222 -0.319444 0.694444 
End of Local Stiffness Matrix of the 49 elements

Local Stiffness Matrix of the 50 elements:
0.957147 -0.261645 -0.605022 -0.0904806 
-0.261645 0.529606 -0.129606 -0.138355 
-0.605022 -0.129606 0.996272 -0.261645 
-0.0904806 -0.138355 -0.261645 0.490481 
End of Local Stiffness Matrix of the 50 elements

Local Stiffness Matrix of the 51 elements:
0.94846 -0.198268 -0.601732 -0.14846 
-0.198268 0.525135 -0.191801 -0.135065 
-0.601732 -0.191801 0.991801 -0.198268 
-0.14846 -0.135065 -0.198268 0.481794 
End of Local Stiffness Matrix of the 51 elements

Local Stiffness Matrix of the 52 elements:
0.949011 -0.129822 -0.603511 -0.215678 
-0.129822 0.531701 -0.265035 -0.136845 
-0.603511 -0.265035 0.998368 -0.129822 
-0.215678 -0.136845 -0.129822 0.482344 
End of Local Stiffness Matrix of the 52 elements

Local Stiffness Matrix of the 53 elements:
0.962912 -0.0539526 -0.612714 -0.296245 
-0.0539526 0.554611 -0.354611 -0.146047 
-0.612714 -0.354611 1.02128 -0.0539526 
-0.296245 -0.146047 -0.0539526 0.496245 
End of Local Stiffness Matrix of the 53 elements

Local Stiffness Matrix of the 54 elements:
0.997145 0.0334254 -0.633425 -0.397145 
0.0334254 0.603223 -0.46989 -0.166759 
-0.633425 -0.46989 1.06989 0.0334254 
-0.397145 -0.166759 0.0334254 0.530479 
End of Local Stiffness Matrix of the 54 elements

Local Stiffness Matrix of the 55 elements:
0.722222 0.0277778 -0.361111 -0.388889 
0.0277778 0.722222 -0.388889 -0.361111 
-0.361111 -0.388889 0.722222 0.0277778 
-0.388889 -0.361111 0.0277778 0.722222 
End of Local Stiffness Matrix of the 55 elements

Local Stiffness Matrix of the 56 elements:
0.722222 0.0277778 -0.361111 -0.388889 
0.0277778 0.722222 -0.388889 -0.361111 
-0.361111 -0.388889 0.722222 0.0277778 
-0.388889 -0.361111 0.0277778 0.722222 
End of Local Stiffness Matrix of the 56 elements

Local Stiffness Matrix of the 57 elements:
0.722222 0.0277778 -0.361111 -0.388889 
0.0277778 0.722222 -0.388889 -0.361111 
-0.361111 -0.388889 0.722222 0.0277778 
-0.388889 -0.361111 0.0277778 0.722222 
End of Local Stiffness Matrix of the 57 elements

Local Stiffness Matrix of the 58 elements:
0.722222 0.0277778 -0.361111 -0.388889 
0.0277778 0.722222 -0.388889 -0.361111 
-0.361111 -0.388889 0.722222 0.0277778 
-0.388889 -0.361111 0.0277778 0.722222 
End of Local Stiffness Matrix of the 58 elements

Local Stiffness Matrix of the 59 elements:
0.722222 0.0277778 -0.361111 -0.388889 
0.0277778 0.722222 -0.388889 -0.361111 
-0.361111 -0.388889 0.722222 0.0277778 
-0.388889 -0.361111 0.0277778 0.722222 
End of Local Stiffness Matrix of the 59 elements

Local Stiffness Matrix of the 60 elements:
0.694444 -0.319444 -0.347222 -0.0277778 
-0.319444 0.694444 -0.0277778 -0.347222 
-0.347222 -0.0277778 0.694444 -0.319444 
-0.0277778 -0.347222 -0.319444 0.694444 
End of Local Stiffness Matrix of the 60 elements

Local Stiffness Matrix of the 61 elements:
0.694444 -0.319444 -0.347222 -0.0277778 
-0.319444 0.694444 -0.0277778 -0.347222 
-0.347222 -0.0277778 0.694444 -0.319444 
-0.0277778 -0.347222 -0.319444 0.694444 
End of Local Stiffness Matrix of the 61 elements

Local Stiffness Matrix of the 62 elements:
0.694444 -0.319444 -0.347222 -0.0277778 
-0.319444 0.694444 -0.0277778 -0.347222 
-0.347222 -0.0277778 0.694444 -0.319444 
-0.0277778 -0.347222 -0.319444 0.694444 
End of Local Stiffness Matrix of the 62 elements

Local Stiffness Matrix of the 63 elements:
0.694444 -0.319444 -0.347222 -0.0277778 
-0.319444 0.694444 -0.0277778 -0.347222 
-0.347222 -0.0277778 0.694444 -0.319444 
-0.0277778 -0.347222 -0.319444 0.694444 
End of Local Stiffness Matrix of the 63 elements

Local Stiffness Matrix of the 64 elements:
0.694444 -0.319444 -0.347222 -0.0277778 
-0.319444 0.694444 -0.0277778 -0.347222 
-0.347222 -0.0277778 0.694444 -0.319444 
-0.0277778 -0.347222 -0.319444 0.694444 
End of Local Stiffness Matrix of the 64 elements

Local Stiffness Matrix of the 65 elements:
1.06029 -0.242914 -0.690419 -0.126956 
-0.242914 0.501386 -0.168053 -0.090419 
-0.690419 -0.168053 1.10139 -0.242914 
-0.126956 -0.090419 -0.242914 0.46029 
End of Local Stiffness Matrix of the 65 elements

Local Stiffness Matrix of the 66 elements:
1.05577 -0.177329 -0.689338 -0.189107 
-0.177329 0.501578 -0.234911 -0.089338 
-0.689338 -0.234911 1.10158 -0.177329 
-0.189107 -0.089338 -0.177329 0.455774 
End of Local Stiffness Matrix of the 66 elements

Local Stiffness Matrix of the 67 elements:
1.06157 -0.106083 -0.693917 -0.261573 
-0.106083 0.514095 -0.314095 -0.0939169 
-0.693917 -0.314095 1.11409 -0.106083 
-0.261573 -0.0939169 -0.106083 0.461573 
End of Local Stiffness Matrix of the 67 elements

Local Stiffness Matrix of the 68 elements:
1.08228 -0.0265481 -0.706785 -0.348946 
-0.0265481 0.544862 -0.411528 -0.106785 
-0.706785 -0.411528 1.14486 -0.0265481 
-0.348946 -0.106785 -0.0265481 0.482279 
End of Local Stiffness Matrix of the 68 elements

Local Stiffness Matrix of the 69 elements:
1.12569 0.0658379 -0.732505 -0.459024 
0.0658379 0.604328 -0.537661 -0.132505 
-0.732505 -0.537661 1.20433 0.0658379 
-0.459024 -0.132505 0.0658379 0.525691 
End of Local Stiffness Matrix of the 69 elements

Local Stiffness Matrix of the 70 elements:
0.722222 0.0277778 -0.361111 -0.388889 
0.0277778 0.722222 -0.388889 -0.361111 
-0.361111 -0.388889 0.722222 0.0277778 
-0.388889 -0.361111 0.0277778 0.722222 
End of Local Stiffness Matrix of the 70 elements

Local Stiffness Matrix of the 71 elements:
0.722222 0.0277778 -0.361111 -0.388889 
0.0277778 0.722222 -0.388889 -0.361111 
-0.361111 -0.388889 0.722222 0.0277778 
-0.388889 -0.361111 0.0277778 0.722222 
End of Local Stiffness Matrix of the 71 elements

Local Stiffness Matrix of the 72 elements:
0.722222 0.0277778 -0.361111 -0.388889 
0.0277778 0.722222 -0.388889 -0.361111 
-0.361111 -0.388889 0.722222 0.0277778 
-0.388889 -0.361111 0.0277778 0.722222 
End of Local Stiffness Matrix of the 72 elements

Local Stiffness Matrix of the 73 elements:
0.722222 0.0277778 -0.361111 -0.388889 
0.0277778 0.722222 -0.388889 -0.361111 
-0.361111 -0.388889 0.722222 0.0277778 
-0.388889 -0.361111 0.0277778 0.722222 
End of Local Stiffness Matrix of the 73 elements

Local Stiffness Matrix of the 74 elements:
0.722222 0.0277778 -0.361111 -0.388889 
0.0277778 0.722222 -0.388889 -0.361111 
-0.361111 -0.388889 0.722222 0.0277778 
-0.388889 -0.361111 0.0277778 0.722222 
End of Local Stiffness Matrix of the 74 elements

Local Stiffness Matrix of the 0 elements:
0.694444 -0.319444 -0.347222 -0.0277778 
-0.319444 0.694444 -0.0277778 -0.347222 
-0.347222 -0.0277778 0.694444 -0.319444 
-0.0277778 -0.347222 -0.319444 0.694444 
End of Local Stiffness Matrix of the 0 elements

Local Stiffness Matrix of the 1 elements:
0.694444 -0.319444 -0.347222 -0.0277778 
-0.319444 0.694444 -0.0277778 -0.347222 
-0.347222 -0.0277778 0.694444 -0.319444 
-0.0277778 -0.347222 -0.319444 0.694444 
End of Local Stiffness Matrix of the 1 elements

Local Stiffness Matrix of the 2 elements:
0.694444 -0.319444 -0.347222 -0.0277778 
-0.319444 0.694444 -0.0277778 -0.347222 
-0.347222 -0.0277778 0.694444 -0.319444 
-0.0277778 -0.347222 -0.319444 0.694444 
End of Local Stiffness Matrix of the 2 elements

Local Stiffness Matrix of the 3 elements:
0.694444 -0.319444 -0.347222 -0.0277778 
-0.319444 0.694444 -0.0277778 -0.347222 
-0.347222 -0.0277778 0.694444 -0.319444 
-0.0277778 -0.347222 -0.319444 0.694444 
End of Local Stiffness Matrix of the 3 elements

Local Stiffness Matrix of the 4 elements:
0.694444 -0.319444 -0.347222 -0.0277778 
-0.319444 0.694444 -0.0277778 -0.347222 
-0.347222 -0.0277778 0.694444 -0.319444 
-0.0277778 -0.347222 -0.319444 0.694444 
End of Local Stiffness Matrix of the 4 elements

Local Stiffness Matrix of the 5 elements:
0.702434 -0.289741 -0.376925 -0.0357671 
-0.289741 0.671935 -0.0719347 -0.310259 
-0.376925 -0.0719347 0.738601 -0.289741 
-0.0357671 -0.310259 -0.289741 0.635767 
End of Local Stiffness Matrix of the 5 elements

Local Stiffness Matrix of the 6 elements:
0.68749 -0.229677 -0.370323 -0.0874904 
-0.229677 0.66047 -0.127136 -0.303657 
-0.370323 -0.127136 0.727136 -0.229677 
-0.0874904 -0.303657 -0.229677 0.620824 
End of Local Stiffness Matrix of the 6 elements

Local Stiffness Matrix of the 7 elements:
0.680168 -0.16543 -0.367903 -0.146835 
